# Created by Octave 2.0.16, Sat Dec  8 15:33:31 2001 <root@localhost.localdomain>
# name: A
# type: scalar
2.84875577918255
# name: C
# type: matrix
# rows: 1
# columns: 150
 305.91467381437 280.703543812492 259.568529023259 241.613310918235 226.186418957241 212.802968674298 201.0946143592 190.776521879763 181.624970940593 173.461798833722 166.14336572885 159.552579091047 153.593031501964 148.184626163876 143.260267498403 138.763326089807 134.645674525784 130.86614956739 127.389336457925 124.184599299425 121.225301285501 118.488172790709 115.95279560979 113.601179179722 111.417410198371 109.387361225162 107.498446996272 105.739419581412 104.100195346223 102.571708104135 101.145783947044 99.8150341106807 98.5727629141895 97.4128883561389 96.3298733824256 95.3186661893845 94.3746482061298 93.4935886278476 92.6716045573148 91.9051259638472 91.1908647937966 90.5257876698688 89.9070917020543 89.3321830041256 88.7986575691086 88.3042842069619 87.8469892896141 87.4248430838787 87.0360474827061 86.6789249706572 86.3519086811322 86.053533421378 85.7824275571296 85.5373056623362 85.3169618511225 85.1202637192336 84.9461468309442 84.7936096949859 84.6617091796231 84.5495563227379 84.4563124977821 84.3811859008266 84.323428327765 84.2823322140936 84.2572279126406 84.2474811872274 84.2524909025383 84.2716868925105 84.304527991353 84.3505002129021 84.4091150654362 84.4799079903365 84.562436914103 84.6562809042401 84.7610389204208 84.8763286531423 85.0017854428046 85.1370612727888 85.2818238306907 85.4357556323888 85.5985532040931 85.7699263179469 85.9495972771342 86.137300246793 86.3327806273462 86.535794467145 86.7461079115788 86.9634966860355 87.1877456103117 87.4186481422622 87.6560059486562 87.8996285013653 88.149332697157 88.4049424994981 88.6662886008972 88.9332081044236 89.2055442231454 89.4831459963205 89.765868021262 90.0535701998758 90.3461174989443 90.6433797232921 90.9452313010348 91.2515510801657 91.5622221357887 91.8771315873524 92.1961704252858 92.5192333464755 92.846218598064 93.1770278290798 93.5115659494486 93.8497409959566 94.1914640047728 94.5366488901567 94.8852123290046 95.2370736509098 95.5921547334309 95.9503799022838 96.3116758361881 96.6759714761178 97.0431979387197 97.4132884336779 97.7861781848163 98.1618043547433 98.5401059728546 98.9210238665207 99.3045005952954 99.6904803879932 100.078909082489 100.469734068105 100.862904230454 101.258369898622 101.656082794571 102.055995984651 102.458063833133 102.862241957646 103.268487186446 103.676757517412 104.087012078709 104.499211091017 104.913315831273 105.32928859784 105.747092677051 106.166692311059 106.58805266693 107.011139806932 107.43592065996 107.862362994048 108.290435389924 108.720107215554
# name: T
# type: matrix
# rows: 1
# columns: 150
 1 1.09395973154362 1.18791946308725 1.28187919463087 1.3758389261745 1.46979865771812 1.56375838926175 1.65771812080537 1.75167785234899 1.84563758389262 1.93959731543624 2.03355704697987 2.12751677852349 2.22147651006711 2.31543624161074 2.40939597315436 2.50335570469799 2.59731543624161 2.69127516778524 2.78523489932886 2.87919463087248 2.97315436241611 3.06711409395973 3.16107382550336 3.25503355704698 3.3489932885906 3.44295302013423 3.53691275167785 3.63087248322148 3.7248322147651 3.81879194630872 3.91275167785235 4.00671140939597 4.1006711409396 4.19463087248322 4.28859060402685 4.38255033557047 4.47651006711409 4.57046979865772 4.66442953020134 4.75838926174497 4.85234899328859 4.94630872483221 5.04026845637584 5.13422818791946 5.22818791946309 5.32214765100671 5.41610738255034 5.51006711409396 5.60402684563758 5.69798657718121 5.79194630872483 5.88590604026846 5.97986577181208 6.0738255033557 6.16778523489933 6.26174496644295 6.35570469798658 6.4496644295302 6.54362416107383 6.63758389261745 6.73154362416107 6.8255033557047 6.91946308724832 7.01342281879195 7.10738255033557 7.2013422818792 7.29530201342282 7.38926174496644 7.48322147651007 7.57718120805369 7.67114093959732 7.76510067114094 7.85906040268456 7.95302013422819 8.04697986577181 8.14093959731544 8.23489932885906 8.32885906040269 8.42281879194631 8.51677852348993 8.61073825503356 8.70469798657718 8.79865771812081 8.89261744966443 8.98657718120805 9.08053691275168 9.1744966442953 9.26845637583893 9.36241610738255 9.45637583892617 9.5503355704698 9.64429530201342 9.73825503355705 9.83221476510067 9.9261744966443 10.0201342281879 10.1140939597315 10.2080536912752 10.3020134228188 10.3959731543624 10.489932885906 10.5838926174497 10.6778523489933 10.7718120805369 10.8657718120805 10.9597315436242 11.0536912751678 11.1476510067114 11.241610738255 11.3355704697987 11.4295302013423 11.5234899328859 11.6174496644295 11.7114093959732 11.8053691275168 11.8993288590604 11.993288590604 12.0872483221477 12.1812080536913 12.2751677852349 12.3691275167785 12.4630872483221 12.5570469798658 12.6510067114094 12.744966442953 12.8389261744966 12.9328859060403 13.0268456375839 13.1208053691275 13.2147651006711 13.3087248322148 13.4026845637584 13.496644295302 13.5906040268456 13.6845637583893 13.7785234899329 13.8724832214765 13.9664429530201 14.0604026845638 14.1543624161074 14.248322147651 14.3422818791946 14.4362416107383 14.5302013422819 14.6241610738255 14.7181208053691 14.8120805369128 14.9060402684564 15
# name: c
# type: matrix
# rows: 2
# columns: 1
 300
 0.00985778969061712
# name: p
# type: scalar
5000
# name: r
# type: scalar
2000
# name: favT
# type: scalar
7.12188944795638
