# Created by Octave 2.0.16, Sat Dec 22 21:19:29 2001 <root@localhost.localdomain>
# name: yy
# type: matrix
# rows: 1
# columns: 46
 1.77245385090552 1.48919224881282 1.29805533264756 1.1642297137253 1.06862870211932 1 0.951350769866873 0.918168742399761 0.897470696306277 0.887263817503075 0.886226925452758 0.89351534928769 0.90863873285329 0.931383770980243 0.961765831907388 1 1.04648584685356 1.10180249087971 1.16671190519816 1.24216934450431 1.32934038817914 1.4296245588603 1.54468584585059 1.67649078776444 1.82735508062404 2 2.19762027839248 2.42396547993537 2.68343738195577 2.98120642681033 3.32335097044784 3.71702385303679 4.1706517837966 4.69417420574042 5.29932973380971 6 6.81262286301668 7.75668953579318 8.85534336045404 10.1361018511551 11.6317283965674 13.3812858709325 15.4314116000474 17.8378619818136 20.6673859618579 24
# name: i
# type: scalar
10
# name: x
# type: range
# base, limit, increment
0.5 5 0.5
# name: y
# type: matrix
# rows: 1
# columns: 10
 1.77245385090552 1 0.886226925452758 1 1.32934038817914 2 3.32335097044784 6 11.6317283965674 24
# name: yy1
# type: matrix
# rows: 1
# columns: 46
 1.77245385090547 1.50868887790377 1.31501418185233 1.17397358544806 1.07228421275662 0.999999999999527 0.949809907099255 0.916455591699186 0.896254310761789 0.886713807713624 0.886226925449843 0.893834657333902 0.909047309629805 0.931714399584991 0.961934853641115 0.999999999988496 1.04636276889695 1.10162742295159 1.1665550374969 1.24208083924604 1.32934038814482 1.42970245419048 1.54480729699608 1.67660990146001 1.82742855794698 1.99999999991575 2.19754312593013 2.4238341364787 2.68329670898816 2.98111161685839 3.3233509702682 3.71714301789948 4.17087419960695 4.69443588041628 5.29952392606999 5.99999999965571 6.81232416764746 7.75606910195459 8.85452685233339 10.1354198407492 11.6317283959652 13.3826478028485 15.434688486541 17.8429335867679 20.6724688022222 23.999999999023
# name: yy2
# type: matrix
# rows: 1
# columns: 46
 1.77245385090552 1.61796308072441 1.46347231054331 1.30898154036221 1.1544907701811 1 0.977245385090552 0.954490770181103 0.931736155271655 0.908981540362206 0.886226925452758 0.908981540362206 0.931736155271655 0.954490770181103 0.977245385090552 1 1.06586807763583 1.13173615527165 1.19760423290748 1.26347231054331 1.32934038817914 1.46347231054331 1.59760423290748 1.73173615527166 1.86586807763583 2 2.26467019408957 2.52934038817914 2.79401058226871 3.05868077635827 3.32335097044784 3.85868077635827 4.39401058226871 4.92934038817914 5.46467019408957 6 7.1263456793135 8.25269135862698 9.37903703794047 10.505382717254 11.6317283965674 14.105382717254 16.5790370379405 19.052691358627 21.5263456793135 24
# name: yy3
# type: matrix
# rows: 1
# columns: 46
 1.77245385090551 1.57484972316339 1.39401190113944 1.234730757896 1.10179666649541 0.999999999999998 0.932215018089481 0.89365152691298 0.877603219237019 0.877363787828114 0.886226925452773 0.898827441710149 0.915164613530652 0.936578834677141 0.964410498912569 0.99999999999989 1.0445926240879 1.09905322687043 1.16415155642676 1.24065736083633 1.32934038817862 1.4311115461251 1.5474463806783 1.67996159744297 1.83027390201876 2.00000000000531 2.1917720280463 2.41228384712102 2.66924474920864 2.97036402631041 3.32335097042758 3.73482586625003 4.20705296908901 4.74120752698119 5.33846478794485 5.99999999999824 6.73753840625875 7.6050052303475 8.66687569095484 9.9876250067864 11.6317283965473 13.6399875660929 15.9585101697251 18.509730348939 21.2160822452061 24.0000000000009
# name: xx
# type: range
# base, limit, increment
0.5 5 0.1
