# Created by Octave 2.0.16, Sun Dec 23 01:17:35 2001 <root@localhost.localdomain>
# name: D
# type: matrix
# rows: 1
# columns: 5
 1.72 4.61 8.78 14.4 20.8
# name: E
# type: range
# base, limit, increment
1 5 1
# name: P
# type: matrix
# rows: 1
# columns: 5
 2.3 7.2 14.1 23.1 33.9
# name: V
# type: matrix
# rows: 1
# columns: 201
 5.6221 5.7444856085454 5.86344988787381 5.97908848234858 6.09149436256398 6.20075790009127 6.30696694013527 6.41020687215971 6.5105606985383 6.60810910128656 6.70293050692823 6.79510114954822 6.88469513208299 6.97178448589748 7.05643922869655 7.13872742081751 7.21871521994894 7.2964669343199 7.3720450744021 7.44551040316684 7.51692198493694 7.58633723287298 7.6538119551321 7.71940039973639 7.78315529818693 7.8451279078587 7.90536805321017 7.963924165841 8.02084332342983 8.07617128758359 8.1299525406287 8.18223032137379 8.23304665987262 8.28244241121523 8.33045728837441 8.37712989413399 8.42249775212447 8.46659733699118 8.50946410371895 8.55113251613703 8.59163607462722 8.63100734305732 8.66927797496168 8.70647873898989 8.74263954364397 8.77778946132415 8.81195675170229 8.845168884442 8.87745256128357 8.90883373751153 8.93933764282203 8.96898880160694 8.99781105267079 9.02582756839668 9.05306087337622 9.0795328625188 9.10526481865454 9.13027742964519 9.15459080501661 9.17822449212639 9.20119749187942 9.22352827400417 9.24523479190186 9.2663344970806 9.28684435318593 9.30678084963924 9.32616001489478 9.3449974293262 9.36330823775278 9.38110716161547 9.39840851081259 9.41522619520463 9.43157373579745 9.4474642756128 9.46291059025502 9.47792509818232 9.49251987069089 9.50670664161991 9.52049681678535 9.53390148314986 9.54693141773649 9.55959709629313 9.57190870171475 9.58387613223021 9.59550900936018 9.6068166856526 9.61780825220192 9.62849254595813 9.6388781568314 9.64897343459818 9.65878649561427 9.66832522934006 9.67759730468357 9.68661017616602 9.69537108991504 9.70388708949047 9.71216502154713 9.72021154133941 9.72803311807189 9.73563604010048 9.74302641998805 9.75021019941879 9.75719315397522 9.76398089778155 9.77057888801735 9.77699242930499 9.78322667797439 9.78928664620859 9.79517720607346 9.80090309343467 9.80646891176527 9.81187913584669 9.81713811536643 9.82225007841507 9.82721913488554 9.83204927977739 9.83674439640867 9.84130825953802 9.84574453839948 9.85005679965246 9.85424851024927 9.85832304022244 9.86228366539415 9.86613357000992 9.86987584929865 9.87351351196113 9.87704948258892 9.8804866040157 9.88382763960283 9.88707527546097 9.89023212260972 9.89330071907678 9.89628353193846 9.89918295930316 9.90200133223937 9.90474091664982 9.9074039150932 9.90999246855496 9.9125086581686 9.91495450688888 9.91733198111818 9.91964299228748 9.9218893983931 9.92407300549045 9.9261955691461 9.92825879584918 9.93026434438336 9.93221382716048 9.93410881151689 9.93595082097354 9.93774133646087 9.93948179750943 9.94117360340721 9.94281811432466 9.94441665240825 9.9459705028434 9.94748091488774 9.94894910287552 9.95037624719388 9.95176349523186 9.95311196230287 9.95442273254135 9.95569685977445 9.9569353683692 9.95813925405616 9.95930948472988 9.96044700122714 9.96155271808331 9.96262752426762 9.96367228389789 9.96468783693524 9.96567499985941 9.96663456632519 9.96756730780048 9.96847397418656 9.96935529442096 9.97021197706355 9.97104471086616 9.97185416532635 9.97264099122565 9.97340582115279 9.97414927001229 9.97487193551878 9.97557439867763 9.97625722425197 9.97692096121684 9.97756614320046 9.97819328891335 9.97880290256526 9.97939547427063 9.97997148044258 9.98053138417595 9.9810756356196 9.98160467233835 9.98211891966475 9.98261879104105 9.98310468835156 9.98357700224582 9.9840361124526 9.98448238808527 9.98491618793847
# name: i
# type: scalar
10.42
# name: t
# type: range
# base, limit, increment
0 20 0.1
# name: v
# type: scalar
10
# name: x
# type: range
# base, limit, increment
1 5 0.1
# name: y
# type: matrix
# rows: 1
# columns: 41
 2.30000000000003 2.71111500000003 3.13824000000004 3.58201500000004 4.04304000000005 4.52187500000005 5.01904000000006 5.53501500000006 6.07024000000006 6.62511500000007 7.20000000000008 7.79521500000008 8.41104000000009 9.04771500000009 9.7054400000001 10.3843750000001 11.0846400000001 11.8063150000001 12.5494400000001 13.3140150000001 14.1000000000001 14.9073150000002 15.7358400000002 16.5854150000002 17.4558400000002 18.3468750000002 19.2582400000002 20.1896150000002 21.1406400000002 22.1109150000002 23.1000000000002 24.1074150000002 25.1326400000002 26.1751150000003 27.2342400000003 28.3093750000003 29.3998400000003 30.5049150000003 31.6238400000003 32.7558150000003 33.9000000000003
# name: tao
# type: scalar
3.5269
# name: v0
# type: scalar
5.6221
