# Created by Octave 2.0.16, Sun Dec 23 02:56:31 2001 <root@localhost.localdomain>
# name: yy
# type: matrix
# rows: 1
# columns: 201
 -0.980317401086395 -0.748255725480388 -0.5173781010883 -0.287684527910129 -0.0591750059458769 0.168150464804457 0.394291884340874 0.619249252663372 0.843022569771952 1.06561183566661 1.28701705034736 1.50723821381418 1.72627532606709 1.94412838710608 2.16079739693115 2.37628235554231 2.59058326293954 2.80370011912286 3.01563292409226 3.22638167784774 3.4359463803893 3.64432703171695 3.85152363183067 4.05753618073048 4.26236467841637 4.46600912488834 4.6684695201464 4.86974586419054 5.06983815702075 5.26874639863705 5.46647058903944 5.6630107282279 5.85836681620245 6.05253885296307 6.24552683850978 6.43733077284258 6.62795065596145 6.8173864878664 7.00563826855744 7.19270599803456 7.37858967629776 7.56328930334704 7.74680487918241 7.92913640380386 8.11028387721139 8.29024729940499 8.46902667038469 8.64662199015046 8.82303325870232 8.99826047604026 9.17230364216428 9.34516275707438 9.51683782077056 9.68732883325283 9.85663579452118 10.0247587045756 10.1916975634161 10.3574523710427 10.5220231274554 10.6854098326541 10.847612486639 11.0086310894099 11.1684656409669 11.32711614131 11.4845825904392 11.6408649883544 11.7959633350557 11.9498776305432 12.1026078748166 12.2541540678762 12.4045162097219 12.5536943003536 12.7016883397714 12.8484983279754 12.9941242649653 13.1385661507414 13.2818239853036 13.4238977686518 13.5647875007861 13.7044931817065 13.843014811413 13.9803523899055 14.1165059171842 14.2514753932489 14.3852608180997 14.5178621917366 14.6492795141596 14.7795127853686 14.9085620053637 15.036427174145 15.1631082917123 15.2886053580656 15.4129183732051 15.5360473371306 15.6579922498423 15.77875311134 15.8983299216238 16.0167226806936 16.1339313885496 16.2499560451916 16.3647966506197 16.4784532048339 16.5909257078342 16.7022141596206 16.812318560193 16.9212389095515 17.0289752076961 17.1355274546268 17.2408956503436 17.3450797948465 17.4480798881354 17.5498959302104 17.6505279210715 17.7499758607187 17.8482397491519 17.9453195863713 18.0412153723767 18.1359271071682 18.2294547907458 18.3217984231095 18.4129580042592 18.5029335341951 18.591725012917 18.679332440425 18.7657558167191 18.8509951417992 18.9350504156655 19.0179216383178 19.0996088097562 19.1801119299807 19.2594309989913 19.3375660167879 19.4145169833707 19.4902838987395 19.5648667628944 19.6382655758354 19.7104803375624 19.7815110480756 19.8513577073748 19.9200203154601 19.9874988723315 20.053793377989 20.1189038324325 20.1828302356622 20.2455725876779 20.3071308884797 20.3675051380676 20.4266953364416 20.4847014836016 20.5415235795477 20.5971616242799 20.6516156177982 20.7048855601026 20.7569714511931 20.8078732910696 20.8575910797322 20.9061248171809 20.9534745034157 20.9996401384366 21.0446217222435 21.0884192548366 21.1310327362157 21.1724621663809 21.2127075453321 21.2517688730695 21.2896461495929 21.3263393749025 21.3618485489981 21.3961736718798 21.4293147435475 21.4612717640014 21.4920447332413 21.5216336512673 21.5500385180794 21.5772593336776 21.6032960980618 21.6281488112322 21.6518174731886 21.6743020839311 21.6956026434597 21.7157191517744 21.7346516088751 21.7524000147619 21.7689643694349 21.7843446728939 21.7985409251389 21.8115531261701 21.8233812759873 21.8340253745907 21.8434854219801 21.8517614181556 21.8588533631171 21.8647612568648 21.8694850993985 21.8730248907183 21.8753806308242 21.8765523197162 21.8765399573943 21.8753435438584 21.8729630791086 21.8693985631449
# name: F
# type: matrix
# rows: 1
# columns: 9
 1.5 3.9 6.6 11.7 15.6 18.8 19.6 20.6 21.1
# name: i
# type: scalar
5
# name: x
# type: matrix
# rows: 1
# columns: 9
 1 2 4 7 9 12 13 15 17
# name: F1
# type: matrix
# rows: 5
# columns: 1
 1.5
 3.9
 6.6
 11.7
 15.6
# name: Fx1
# type: matrix
# rows: 2
# columns: 1
 1.70840707964602
 0.00132743362831467
# name: Fx
# type: matrix
# rows: 3
# columns: 1
 -0.0592025606959046
 2.32653701212966
 -0.980317401086395
# name: xx1
# type: range
# base, limit, increment
0 15 0.1
# name: yy1
# type: matrix
# rows: 1
# columns: 151
 0.00132743362831467 0.172168141592916 0.343008849557518 0.51384955752212 0.684690265486722 0.855530973451324 1.02637168141593 1.19721238938053 1.36805309734513 1.53889380530973 1.70973451327433 1.88057522123893 2.05141592920354 2.22225663716814 2.39309734513274 2.56393805309734 2.73477876106194 2.90561946902655 3.07646017699115 3.24730088495575 3.41814159292035 3.58898230088495 3.75982300884955 3.93066371681416 4.10150442477876 4.27234513274336 4.44318584070796 4.61402654867256 4.78486725663717 4.95570796460177 5.12654867256637 5.29738938053097 5.46823008849557 5.63907079646017 5.80991150442478 5.98075221238938 6.15159292035398 6.32243362831858 6.49327433628318 6.66411504424778 6.83495575221239 7.00579646017699 7.17663716814159 7.34747787610619 7.51831858407079 7.68915929203539 7.86 8.0308407079646 8.2016814159292 8.3725221238938 8.5433628318584 8.71420353982301 8.88504424778761 9.05588495575221 9.22672566371681 9.39756637168141 9.56840707964602 9.73924778761062 9.91008849557522 10.0809292035398 10.2517699115044 10.422610619469 10.5934513274336 10.7642920353982 10.9351327433628 11.1059734513274 11.276814159292 11.4476548672566 11.6184955752212 11.7893362831858 11.9601769911504 12.131017699115 12.3018584070796 12.4726991150442 12.6435398230088 12.8143805309734 12.9852212389381 13.1560619469027 13.3269026548673 13.4977433628319 13.6685840707965 13.8394247787611 14.0102654867257 14.1811061946903 14.3519469026549 14.5227876106195 14.6936283185841 14.8644690265487 15.0353097345133 15.2061504424779 15.3769911504425 15.5478318584071 15.7186725663717 15.8895132743363 16.0603539823009 16.2311946902655 16.4020353982301 16.5728761061947 16.7437168141593 16.9145575221239 17.0853982300885 17.2562389380531 17.4270796460177 17.5979203539823 17.7687610619469 17.9396017699115 18.1104424778761 18.2812831858407 18.4521238938053 18.6229646017699 18.7938053097345 18.9646460176991 19.1354867256637 19.3063274336283 19.4771681415929 19.6480088495575 19.8188495575221 19.9896902654867 20.1605309734513 20.3313716814159 20.5022123893805 20.6730530973451 20.8438938053097 21.0147345132743 21.1855752212389 21.3564159292035 21.5272566371681 21.6980973451327 21.8689380530973 22.0397787610619 22.2106194690265 22.3814601769912 22.5523008849558 22.7231415929204 22.893982300885 23.0648230088496 23.2356637168142 23.4065044247788 23.5773451327434 23.748185840708 23.9190265486726 24.0898672566372 24.2607079646018 24.4315486725664 24.602389380531 24.7732300884956 24.9440707964602 25.1149115044248 25.2857522123894 25.456592920354 25.6274336283186
# name: tx
# type: matrix
# rows: 1
# columns: 3
 -0.0592025606959046 0.61812993248364 -0.98164483471471
# name: x1
# type: matrix
# rows: 5
# columns: 1
 1
 2
 4
 7
 9
# name: xx
# type: range
# base, limit, increment
0 20 0.1
