# Created by Octave 2.0.16, Sat Dec 22 17:13:32 2001 <root@localhost.localdomain>
# name: i
# type: scalar
4
# name: x
# type: matrix
# rows: 1
# columns: 21
 0 1 2 3 4 5 6 7 8 9 10 11 12 13 14 15 16 17 18 19 20
# name: y
# type: matrix
# rows: 1
# columns: 21
 0 1 1.4142135623731 1.73205080756888 2 2.23606797749979 2.44948974278318 2.64575131106459 2.82842712474619 3 3.16227766016838 3.3166247903554 3.46410161513775 3.60555127546399 3.74165738677394 3.87298334620742 4 4.12310562561766 4.24264068711928 4.35889894354067 4.47213595499958
# name: x01
# type: matrix
# rows: 1
# columns: 4
 0 1 4 9
# name: x02
# type: matrix
# rows: 1
# columns: 4
 1 4 9 16
# name: x03
# type: matrix
# rows: 1
# columns: 3
 1 4 9
# name: y01
# type: matrix
# rows: 1
# columns: 4
 0 1 2 3
# name: y02
# type: matrix
# rows: 1
# columns: 4
 1 2 3 4
# name: y03
# type: matrix
# rows: 1
# columns: 3
 1 2 3
# name: x0
# type: matrix
# rows: 1
# columns: 5
 0 1 4 9 16
# name: y0
# type: matrix
# rows: 1
# columns: 5
 0 1 2 3 4
# name: y1
# type: matrix
# rows: 1
# columns: 21
 0 1 1.57222222222222 1.86428571428571 2 2.07936507936508 2.17857142857143 2.35 2.62222222222222 3 3.46428571428571 3.97222222222222 4.45714285714285 4.82857142857143 4.97222222222222 4.74999999999999 3.99999999999999 2.53650793650793 0.149999999999983 -3.39285714285716 -8.34920634920637
# name: y2
# type: matrix
# rows: 1
# columns: 21
 0 1 1.59794415758271 1.86720214190094 2 2.15380378657487 2.34703958691911 2.5633734939759 2.78647160068847 3 3.19096385542168 3.35972461273665 3.50998278829603 3.64543889845093 3.76979345955248 3.88674698795179 3.99999999999998 4.11325301204818 4.23020654044749 4.35456110154903 4.49001721170394
