# Created by Octave 2.0.16, Sun Jan  6 15:17:02 2002 <root@localhost.localdomain>
# name: P
# type: matrix
# rows: 1
# columns: 7
 180 160 140 120 100 80 60
# name: V
# type: matrix
# rows: 1
# columns: 7
 32.5 38.6 45 52 60 69.2 80
# name: i
# type: scalar
4
# name: p
# type: matrix
# rows: 1
# columns: 301
 155.522558880945 155.204555012023 154.886809546767 154.569325602017 154.252106294613 153.935154741397 153.618474059208 153.302067364887 152.985937775275 152.670088407213 152.35452237754 152.039242803098 151.724252800727 151.409555487268 151.09515397956 150.781051394446 150.467250848764 150.153755459357 149.840568343064 149.527692616726 149.215131397183 148.902887801277 148.590964945847 148.279365947734 147.968093923779 147.657151990823 147.346543265705 147.036270865267 146.726337906349 146.416747505791 146.107502780434 145.79860684712 145.490062822687 145.181873823977 144.874042967831 144.566573371088 144.25946815059 143.952730423177 143.64636330569 143.340369914969 143.034753367854 142.729516781187 142.424663271808 142.120195956557 141.816117952275 141.512432375803 141.209142343981 140.906250973649 140.603761381649 140.30167668482 140.000000000004 139.698734203742 139.397881211221 139.097442697376 138.797420337119 138.497815805359 138.19863077701 137.899866926982 137.601525930186 137.303609461534 137.006119195938 136.709056808308 136.412423973557 136.116222366595 135.820453662334 135.525119535685 135.23022166156 134.93576171487 134.641741370527 134.348162303441 134.055026188524 133.762334700688 133.470089514844 133.178292305904 132.886944748778 132.596048518378 132.305605289616 132.015616737403 131.72608453665 131.437010362268 131.14839588917 130.860242792266 130.572552746468 130.285327426687 129.998568507835 129.712277664823 129.426456572562 129.141106905964 128.85623033994 128.571828549401 128.28790320926 128.004455994426 127.721488579813 127.43900264033 127.15699985089 126.875481886403 126.594450421782 126.313907131938 126.033853691781 125.754291776224 125.475223060177 125.196649218553 124.918571926262 124.640992858216 124.363913689327 124.087336094505 123.811261748662 123.535692326709 123.260629503559 122.986074954121 122.712030353308 122.438497376031 122.165477697202 121.892972991731 121.62098493453 121.349515200511 121.078565464585 120.808137401663 120.538232686657 120.268852994478 120.000000000037 119.73167470128 119.463875388498 119.196599674955 118.929845173947 118.663609498768 118.397890262714 118.13268507908 117.86799156116 117.603807322249 117.340129975643 117.076957134636 116.814286412523 116.5521154226 116.29044177816 116.0292630925 115.768576978913 115.508381050696 115.248672921142 114.989450203548 114.730710511207 114.472451457414 114.214670655466 113.957365718656 113.700534260279 113.444173893632 113.188282232007 112.932856888701 112.677895477009 112.423395610224 112.169354901643 111.91577096456 111.66264141227 111.409963858069 111.15773591525 110.905955197109 110.654619316941 110.403725888041 110.153272523704 109.903256837225 109.653676441898 109.404528951019 109.155811977882 108.907523135783 108.659660038017 108.412220297878 108.165201528661 107.918601343662 107.672417356174 107.426647179494 107.181288426917 106.936338711736 106.691795647247 106.447656846745 106.203919923526 105.960582490883 105.717642162112 105.475096550507 105.232943269365 104.991179931979 104.749804151644 104.508813541657 104.26820571531 104.027978285901 103.788128866722 103.54865507107 103.309554512239 103.070824803524 102.832463558221 102.594468389623 102.356836911027 102.119566735727 101.882655477017 101.646100748194 101.409900162551 101.174051333384 100.938551873988 100.703399397658 100.468591517688 100.234125847374 100.00000000001 99.7662121099239 99.5327623957272 99.2996515970196 99.0668804534229 98.8344497045587 98.6023600900491 98.3706123495157 98.1392072225803 97.9081454488648 97.6774277679909 97.4470549195805 97.2170276432553 96.9873466786372 96.7580127653479 96.5290266430093 96.3003890512431 96.0721007296711 95.8441624179152 95.6165748555972 95.3893387823388 95.1624549377618 94.935924061488 94.7097468931393 94.4839241723375 94.2584566387043 94.0333450318614 93.8085900914309 93.5841925570344 93.3601531682937 93.1364726648306 92.913151786267 92.6901912722246 92.4675918623253 92.2453542961908 92.0234793134429 91.8019676537034 91.5808200565941 91.3600372617369 91.1396200087535 90.9195690372658 90.6998850868954 90.4805688972643 90.2616212079942 90.0430427587069 89.8248342890243 89.6069965385681 89.3895302469601 89.1724361538221 88.9557149987759 88.7393675214434 88.5233944614463 88.3077965584063 88.0925745519454 87.8777291816853 87.6632611872479 87.4491713082548 87.235460284328 87.0221288550892 86.8091777601601 86.5966077391627 86.3844195317187 86.1726138774499 85.9611915159781 85.7501531869251 85.5394996299127 85.3292315845628 85.119349790497 84.9098549873373 84.7007479147053 84.492029312223 84.283699919512 84.0757604761942 83.8682117218915 83.6610543962255 83.4542892388182 83.2479169892912 83.0419383872665 82.8363541723657 82.6311650842107 82.4263718624234 82.2219752466254 82.0179759764386 81.8143747914848 81.6111724313858 81.4083696357634 81.2059671442394 81.0039656964356 80.8023660319737 80.6011688904757 80.4003750115632 80.1999851348581 79.9999999999822 79.8004195975731 79.6012409221281 79.4024602192183 79.204073734386 79.006077713173 78.8084684011217 78.6112420437738 78.414394886672
# name: r
# type: matrix
# rows: 1
# columns: 6
 0.0087 0.0085 0.0089 0.0091 0.0095 0.011
# name: t
# type: matrix
# rows: 1
# columns: 6
 0 2 4 6 8 10
# name: v
# type: range
# base, limit, increment
40 70 0.1
# name: tmp
# type: scalar
120
