# Created by Octave 2.0.16, Fri Dec 21 23:29:18 2001 <root@localhost.localdomain>
# name: t
# type: matrix
# rows: 3
# columns: 3
 1 2 3
 4 5 6
 7 8 9
# name: w
# type: matrix
# rows: 1
# columns: 151
 0 0.0440726034088502 0.0881180259273188 0.132109086665024 0.176018604731584 0.219819399236618 0.263484289289744 0.306986094000579 0.350297632478743 0.393391723833854 0.43624118717553 0.47881884161339 0.521097506257051 0.563050000216133 0.604649142600253 0.645867752519031 0.686678649082083 0.727054651399029 0.766968578579487 0.806393249733076 0.845301483969413 0.883666100398117 0.921459918128807 0.9586557562711 0.995226433934615 1.03114477022897 1.06638358426379 1.10091569514868 1.13471392199327 1.16775108390717 1.2 1.23144129086535 1.26208678303269 1.29195610451545 1.32106888332706 1.34944474748096 1.37710332499059 1.40406424386938 1.43034713213076 1.45597161778817 1.48095732885505 1.50532389334482 1.52909093927093 1.55227809464681 1.57490498748589 1.59699124580161 1.6185564976074 1.6396203709167 1.66020249374294 1.68032249409956 1.69999999999999 1.71925078277982 1.73807518706314 1.75646970079623 1.77443081192536 1.79195500839677 1.80903877815673 1.82567860915151 1.84187098932735 1.85761240663053 1.8728993490073 1.88772830440393 1.90209576076667 1.91599820604178 1.92943212817553 1.94239401511418 1.95488035480399 1.96688763519121 1.97841234422211 1.98945096984296 2 2.01005557801687 2.01961246871627 2.02866509230117 2.0372078689731 2.04523521893358 2.05274156238414 2.05972131952629 2.06616891056156 2.07207875569147 2.07744527511754 2.0822628890413 2.08652601766427 2.09022908118797 2.09336649981392 2.09593269374365 2.09792208317867 2.09932908832052 2.1001481293707 2.10037362653076 2.1000000000022 2.09902690515567 2.09747493807478 2.0953699300021 2.09273771218528 2.08960411587196 2.0859949723098 2.08193611274645 2.07745336842954 2.07257257060675 2.0673195505257 2.06172013943406 2.05580016857948 2.04958546920959 2.04310187257206 2.03637520991453 2.02943131248465 2.02229601153008 2.01499513829845 2.00755452403742 1.99999999999464 1.99223352485228 1.98366156681681 1.9735667215898 1.96123158484258 1.94593875224638 1.9269708194725 1.90361038219226 1.87514003607691 1.84084237679778 1.80000000002613 1.75222171361838 1.69842117415061 1.6398382503894 1.57771281109916 1.51328472504383 1.44779386098742 1.38248008769381 1.31858327392706 1.25734328845141 1.20000000003063 1.14767962079014 1.10105373669754 1.06068027696915 1.02711717087755 1.00092234769545 0.982653736695596 0.972869267150458 0.972126868332566 0.980984469514681 0.999999999969589 1.02945980314723 1.06856387898404 1.11624064165699 1.17141850531175 1.23302588409354 1.29999119214801 1.37124284362051 1.44570925265657 1.52231883340176 1.60000000000127
# name: x
# type: matrix
# rows: 1
# columns: 151
 0 0.1 0.2 0.3 0.4 0.5 0.6 0.7 0.8 0.9 1 1.1 1.2 1.3 1.4 1.5 1.6 1.7 1.8 1.9 2 2.1 2.2 2.3 2.4 2.5 2.6 2.7 2.8 2.9 3 3.1 3.2 3.3 3.4 3.5 3.6 3.7 3.8 3.9 4 4.1 4.2 4.3 4.4 4.5 4.6 4.7 4.8 4.9 5 5.1 5.2 5.3 5.4 5.5 5.6 5.7 5.8 5.9 6 6.1 6.2 6.3 6.4 6.5 6.6 6.7 6.8 6.9 7 7.1 7.2 7.3 7.4 7.5 7.6 7.7 7.8 7.9 8 8.1 8.2 8.3 8.4 8.5 8.6 8.7 8.8 8.9 9 9.1 9.2 9.3 9.4 9.5 9.6 9.7 9.8 9.9 10 10.1 10.2 10.3 10.4 10.5 10.6 10.7 10.8 10.9 11 11.1 11.2 11.3 11.4 11.5 11.6 11.7 11.8 11.9 12 12.1 12.2 12.3 12.4 12.5 12.6 12.7 12.8 12.9 13 13.1 13.2 13.3 13.4 13.5 13.6 13.7 13.8 13.9 14 14.1 14.2 14.3 14.4 14.5 14.6 14.7 14.8 14.9 15
# name: y
# type: matrix
# rows: 1
# columns: 151
 0 0.0172982752103575 0.0395652679016988 0.0664363622216747 0.0975469423179355 0.132532392338132 0.171028096429915 0.212669438740934 0.25709180341884 0.303930574611285 0.352821136465917 0.403398873130389 0.45529916875235 0.508157407479452 0.561608973459344 0.615289250839677 0.668833623768102 0.721877476392269 0.774056192859829 0.825005157318433 0.87435975391573 0.921755366799372 0.96682738011701 1.00921117801629 1.04854214464487 1.0844556641504 1.11658712068052 1.14457189838289 1.16804538140516 1.18664295389498 1.2 1.21753314543268 1.23804339151635 1.26116555225773 1.28653444166353 1.31378487374048 1.3425516624953 1.37246962193469 1.40317356606538 1.43429830889409 1.46547866442753 1.49634944667242 1.52654546963547 1.55570154732341 1.58345249374295 1.60943312290081 1.6332782488037 1.65462268545835 1.67310124687147 1.68834874704978 1.7 1.71071289138991 1.72323759353157 1.73734735039812 1.75281540596268 1.76941500419838 1.78691938907837 1.80510180457575 1.82373549466368 1.84259370331526 1.86144967450365 1.88007665220196 1.89824788038333 1.91573660302089 1.93231606408777 1.94775950755709 1.96184017740199 1.97433131759561 1.98500617211106 1.99363798492148 2 2.00539028900769 2.01120623435737 2.01737004614981 2.02380393448575 2.03043010946598 2.03717078119124 2.0439481597623 2.05068445527991 2.05730187784485 2.06372263755787 2.06986894451973 2.0756630088312 2.08102704059303 2.08588324990598 2.09015384687083 2.09376104158832 2.09662704415922 2.09867406468429 2.0998243132643 2.1 2.09915095257933 2.09733746903894 2.09464746500266 2.0911688560943 2.0869895579377 2.08219748615668 2.07688055637506 2.07112668421667 2.06502378530533 2.05865977526487 2.05212256971911 2.04550008429188 2.03888023460701 2.0323509362883 2.0260001049596 2.01991565624473 2.01418550576751 2.00889756915176 2.00413976202132 2 1.9922335248272 1.98366156679159 1.97356672156446 1.96123158481709 1.94593875222077 1.92697081944679 1.90361038216643 1.87514003605099 1.84084237677175 1.8 1.75222171358915 1.6984211741211 1.63983825035986 1.57771281106947 1.51328472501394 1.4477938609573 1.38248008766356 1.31858327389675 1.25734328842089 1.2 1.14767962081621 1.10105373672403 1.0606802769961 1.02711717090504 1.00092234772347 0.982653736724028 0.972869267179334 0.972126868362014 0.980984469544694 1 1.02945980314603 1.06856387898279 1.11624064165575 1.17141850531039 1.23302588409218 1.29999119214659 1.3712428436191 1.44570925265519 1.52231883340033 1.6
# name: z
# type: matrix
# rows: 151
# columns: 1
 0
 0.04
 0.08
 0.12
 0.16
 0.2
 0.24
 0.28
 0.32
 0.36
 0.4
 0.44
 0.48
 0.52
 0.56
 0.6
 0.64
 0.68
 0.72
 0.76
 0.8
 0.84
 0.88
 0.92
 0.96
 1
 1.04
 1.08
 1.12
 1.16
 1.2
 1.225
 1.25
 1.275
 1.3
 1.325
 1.35
 1.375
 1.4
 1.425
 1.45
 1.475
 1.5
 1.525
 1.55
 1.575
 1.6
 1.625
 1.65
 1.675
 1.7
 1.715
 1.73
 1.745
 1.76
 1.775
 1.79
 1.805
 1.82
 1.835
 1.85
 1.865
 1.88
 1.895
 1.91
 1.925
 1.94
 1.955
 1.97
 1.985
 2
 2.005
 2.01
 2.015
 2.02
 2.025
 2.03
 2.035
 2.04
 2.045
 2.05
 2.055
 2.06
 2.065
 2.07
 2.075
 2.08
 2.085
 2.09
 2.095
 2.1
 2.095
 2.09
 2.085
 2.08
 2.075
 2.07
 2.065
 2.06
 2.055
 2.05
 2.045
 2.04
 2.035
 2.03
 2.025
 2.02
 2.015
 2.01
 2.005
 2
 1.98
 1.96
 1.94
 1.92
 1.9
 1.88
 1.86
 1.84
 1.82
 1.8
 1.74
 1.68
 1.62
 1.56
 1.5
 1.44
 1.38
 1.32
 1.26
 1.2
 1.18
 1.16
 1.14
 1.12
 1.1
 1.08
 1.06
 1.04
 1.02
 1
 1.06
 1.12
 1.18
 1.24
 1.3
 1.36
 1.42
 1.48
 1.54
 1.6
# name: x0
# type: matrix
# rows: 1
# columns: 10
 0 3 5 7 9 11 12 13 14 15
# name: y0
# type: matrix
# rows: 1
# columns: 10
 0 1.2 1.7 2 2.1 2 1.8 1.2 1 1.6
