# Created by Octave 2.0.16, Sat Dec  8 18:42:11 2001 <root@localhost.localdomain>
# name: m
# type: scalar
10
# name: n
# type: scalar
20
# name: p
# type: matrix
# rows: 2
# columns: 1
 -9.71049985105757e-05
 0.0292173694744626
# name: r
# type: matrix
# rows: 20
# columns: 1
 0.0311482908438203
 0.0311115762294596
 0.0291860089647606
 0.0299872476982173
 0.0285860737301602
 0.0309775001979833
 0.0307282192656433
 0.0208590087914904
 0.0266245400150951
 0.0228093579120499
 0.0190988105127616
 0.0192892020863769
 0.0147432662155957
 0.0146730136940492
 0.00669406150603535
 0.0135676663346833
 0.0175287846307524
 0.0129896026788634
 0.0105174183875574
 0.0104846175400977
# name: x
# type: matrix
# rows: 20
# columns: 1
 4.6
 6.25
 8.4
 11.25
 15
 20.15
 27.3
 35
 44.4
 56.55
 69.45
 84
 99.25
 114.85
 127.45
 141.2
 165
 191.65
 215.25
 238.95
# name: pop
# type: matrix
# rows: 1
# columns: 21
 3.9 5.3 7.2 9.6 12.9 17.1 23.2 31.4 38.6 50.2 62.9 76 92 106.5 123.2 131.7 150.7 179.3 204 226.5 251.4
# name: lastyear
# type: scalar
1990
# name: firstyear
# type: scalar
1790
