# Created by Octave 2.0.16, Sat Dec  1 18:57:24 2001 <root@localhost.localdomain>
# name: n
# type: scalar
1
# name: I1
# type: matrix
# rows: 19
# columns: 1
 0.632120558828558
 0.367879441171442
 0.264241117657115
 0.207276647028654
 0.170893411885384
 0.14553294057308
 0.12680235656152
 0.112383504069363
 0.100931967445092
 0.0916122929941707
 0.0838770700582927
 0.0773522293587803
 0.0717732476946367
 0.0669477799697233
 0.0627310804238732
 0.0590337936419019
 0.0554593017295701
 0.0571918705973076
 -0.0294536707515363
# name: I2
# type: matrix
# rows: 101
# columns: 1
 0.632120558828558
 0.367879441171442
 0.264241117657115
 0.207276647028654
 0.170893411885384
 0.145532940573079
 0.126802356561528
 0.112383504069301
 0.100931967445593
 0.0916122929896606
 0.0838770701033942
 0.0773522288626642
 0.0717732536480296
 0.0669477025756157
 0.0627321639413801
 0.0590175408792978
 0.0557193459312356
 0.0527711191689948
 0.0501198549580943
 0.0477227557962091
 0.0455448840758181
 0.0435574344078209
 0.0417364430279403
 0.0400618103573729
 0.0385165514230504
 0.0370862144237392
 0.0357584249827798
 0.0345225254649453
 0.0333692869815312
 0.0322906775355944
 0.0312796739321681
 0.0303301081027895
 0.0294365407107357
 0.0285941565457219
 0.0277986774454554
 0.0270462894090608
 0.0263335812738122
 0.0256574928689496
 0.025015270979916
 0.0244044317832742
 0.0238227286690335
 0.0232681245696274
 0.0227387680756509
 0.0222329727470129
 0.021749199131431
 0.0212860390856061
 0.0208422020621209
 0.0204165030803194
 0.0200078521446671
 0.0196152449113132
 0.0192377544343394
 0.0188745238486914
 0.018524759868045
 0.0181877269936146
 0.0178627423448142
 0.017549171035217
 0.0172464220278457
 0.0169539444127963
 0.0166712240578146
 0.0163977805889359
 0.0161331646638463
 0.015876955505377
 0.0156287586666238
 0.0153882040027004
 0.0151549438271718
 0.0149286512338362
 0.0147090185668085
 0.0144957560238313
 0.0142885903794729
 0.0140872638163714
 0.0138915328540053
 0.0137011673656251
 0.0135159496749935
 0.0133356737254756
 0.013160144314806
 0.0129891763895537
 0.0128225943939213
 0.0126602316680571
 0.0125019298915425
 0.012347538568146
 0.0121969145483181
 0.0120499215862374
 0.0119064299285296
 0.0117663159320438
 0.0116294617083222
 0.0114957547926109
 0.0113650878354584
 0.0112373583151231
 0.011112468269171
 0.0109903240437841
 0.0108708360594322
 0.0107539185916743
 0.0106394895659632
 0.0105274703654188
 0.0104177856506298
 0.0103103631901693
 0.0102051337437425
 0.0101020268569771
 0.0100013680162428
 0.00986456639196322
 0.0135433608036776
# name: error_num
# type: scalar
19
