# Created by Octave 2.0.16, Sat Dec  1 23:47:16 2001 <root@localhost.localdomain>
# name: a
# type: matrix
# rows: 1
# columns: 3
 10 1 0.1
# name: x
# type: matrix
# rows: 1
# columns: 100
 0 0.0101010101010101 0.0202020202020202 0.0303030303030303 0.0404040404040404 0.0505050505050505 0.0606060606060606 0.0707070707070707 0.0808080808080808 0.0909090909090909 0.101010101010101 0.111111111111111 0.121212121212121 0.131313131313131 0.141414141414141 0.151515151515152 0.161616161616162 0.171717171717172 0.181818181818182 0.191919191919192 0.202020202020202 0.212121212121212 0.222222222222222 0.232323232323232 0.242424242424242 0.252525252525253 0.262626262626263 0.272727272727273 0.282828282828283 0.292929292929293 0.303030303030303 0.313131313131313 0.323232323232323 0.333333333333333 0.343434343434343 0.353535353535354 0.363636363636364 0.373737373737374 0.383838383838384 0.393939393939394 0.404040404040404 0.414141414141414 0.424242424242424 0.434343434343434 0.444444444444444 0.454545454545455 0.464646464646465 0.474747474747475 0.484848484848485 0.494949494949495 0.505050505050505 0.515151515151515 0.525252525252525 0.535353535353535 0.545454545454546 0.555555555555556 0.565656565656566 0.575757575757576 0.585858585858586 0.595959595959596 0.606060606060606 0.616161616161616 0.626262626262626 0.636363636363636 0.646464646464647 0.656565656565657 0.666666666666667 0.676767676767677 0.686868686868687 0.696969696969697 0.707070707070707 0.717171717171717 0.727272727272727 0.737373737373737 0.747474747474748 0.757575757575758 0.767676767676768 0.777777777777778 0.787878787878788 0.797979797979798 0.808080808080808 0.818181818181818 0.828282828282828 0.838383838383838 0.848484848484849 0.858585858585859 0.868686868686869 0.878787878787879 0.888888888888889 0.898989898989899 0.909090909090909 0.919191919191919 0.929292929292929 0.939393939393939 0.94949494949495 0.95959595959596 0.96969696969697 0.97979797979798 0.98989898989899 1
# name: y
# type: matrix
# rows: 1
# columns: 100
 0 0.00918282163064651 0.0168639809215569 0.0234208658623137 0.0291155062127785 0.0341355768567685 0.0386190754827384 0.0426697863432055 0.0463673087055793 0.0497737556561086 0.0529383455430191 0.0559006211180124 0.0586927523343708 0.0613412134788618 0.0638680245149993 0.0662916834069908 0.0686278757419523 0.0708900214818247 0.0730897009966777 0.0752369905203792 0.0773407288777782 0.0794087315228601 0.081447963800905 0.0834646823796782 0.0854645516348333 0.0874527401858592 0.0894340015982766 0.0914127423822715 0.0933930797479869 0.095378891066742 0.0973738565948658 0.0993814967131893 0.101405204698953 0.103448275862069 0.105513933732485 0.107605353870998 0.109725685785536 0.111878073363672 0.114065674176041 0.116291677961507 0.118559324571121 0.120871921622346 0.123232862096559 0.125645642100292 0.128113879003559 0.130641330166271 0.13323191246599 0.13588972284688 0.138619060120767 0.141424448266814 0.144310661496749 0.147282751378315 0.150346076341228 0.153506333928206 0.156769596199525 0.160142348754448 0.163631533898055 0.167244598559616 0.17098954766088 0.174875003742403 0.178910273786934 0.183105424335223 0.187471366176965 0.192019950124688 0.196764075649825 0.201717814488574 0.206896551724138 0.212317147338434 0.21799812182248 0.223959870168191 0.230224909471446 0.236818166503824 0.243767313019391 0.251103158333623 0.258860110950143 0.267076723858854 0.275796341776328 0.285067873303167 0.294946717084909 0.305495879067224 0.31678732850686 0.32890365448505 0.341940103618213 0.356007105411377 0.371233427079148 0.387770148841067 0.405795719937086 0.425522454424189 0.447204968944099 0.47115127533287 0.497737556561086 0.527428136525965 0.560802906224987 0.598595669982446 0.641748844907248 0.691493272553489 0.749467707594039 0.817903074695512 0.899916519803358 1
