# Created by Octave 2.0.16, Sun Dec  9 03:04:52 2001 <root@localhost.localdomain>
# name: D
# type: scalar
100
# name: a
# type: scalar
0.4
# name: b
# type: scalar
0.2
# name: q
# type: matrix
# rows: 1
# columns: 300
 10614.4555520604 10514.3739719806 10416.1686249055 10319.7860772837 10225.174936592 10132.2857541149 10041.0709332417 9951.48464291955 9863.48273592789 9777.02267166239 9692.06344314161 9608.56550796862 9526.49072299986 9445.80228249076 9366.464659504 9288.44355038128 9211.7058220931 9136.21946229388 9061.95353192143 8988.87812019068 8916.96430184169 8846.18409651093 8776.51043010396 8707.91709805501 8640.37873036688 8573.87075833099 8508.36938283419 8443.85154416444 8380.29489323337 8317.67776413851 8255.97914799286 8195.17866795406 8135.25655538926 8076.19362711573 8017.97126366111 7960.57138849002 7903.97644814741 7848.16939327162 7793.13366043283 7738.85315475552 7685.31223328535 7632.49568906364 7580.38873587444 7528.97699363115 7478.24647437164 7428.18356883237 7378.77503357373 7330.00797863027 7281.86985566108 7234.34844657656 7187.43185261959 7141.10848387973 7095.36704922074 7050.19654660227 7005.58625377792 6961.52571935258 6918.00475418296 6875.01342310596 6832.54203698036 6790.58114502796 6749.12152746122 6708.15418838475 6667.67034895888 6627.66144081412 6588.11909970568 6549.03515939793 6510.40164576912 6472.210771127 6434.45492872674 6397.12668748262 6360.21878686559 6323.72413197899 6287.63578880541 6251.94697961741 6216.6510785459 6181.74160729956 6147.21223102951 6113.05675433333 6079.26911739311 6045.84339224213 6012.77377915533 5980.05460315864 5947.68031065275 5915.64546614681 5883.94474909796 5852.57295085272 5821.52497168633 5790.79581793643 5760.38059922753 5730.27452578305 5700.47290582149 5670.97114303383 5641.76473413913 5612.84926651554 5584.22041590394 5555.87394418169 5527.80569720392 5500.01160271004 5472.48766829306 5445.2299794297 5418.23469756894 5391.49805827718 5365.01636943792 5338.78600950419 5312.80342580183 5287.06513288195 5261.56771092092 5236.30780416622 5211.28211942667 5186.48742460556 5161.9205472752 5137.57837329159 5113.45784544786 5089.55596216523 5065.86977622019 5042.39639350687 5019.13297183332 4996.07671975073 4973.22489541444 4950.57480547579 4928.12380400385 4905.86929143599 4883.80871355651 4861.93956050238 4840.25936579524 4818.76570539895 4797.45619680169 4776.32849812217 4755.38030723889 4734.60936094196 4714.01343410678 4693.59033888877 4673.33792393876 4653.25407363819 4633.33670735368 4613.58377871036 4593.99327488337 4574.56321590705 4555.2916540013 4536.17667291451 4517.21638728279 4498.4089420048 4479.75251163185 4461.24529977291 4442.88553851389 4424.67148785099 4406.60143513763 4388.67369454459 4370.886606533 4353.2385373398 4335.72787847537 4318.35304623293 4301.11248120944 4284.0046478377 4267.02803392923 4250.1811502278 4233.46252997316 4216.87072847487 4200.40432269576 4184.06191084497 4167.84211198009 4151.74356561842 4135.76493135683 4119.90488850024 4104.16213569831 4088.53539059026 4073.02338945751 4057.62488688399 4042.33865542393 4027.16348527686 4012.09818396977 3997.1415760461 3982.29250276151 3967.54982178616 3952.91240691342 3938.37914777477 3923.94894956082 3909.62073274818 3895.39343283221 3881.26600006528 3867.23739920062 3853.30660924149 3839.47262319557 3825.73444783445 3812.09110345809 3798.54162366421 3785.08505512225 3771.72045735216 3758.44690250752 3745.2634751632 3732.16927210721 3719.16340213687 3706.24498585894 3693.41315549388 3680.66705468393 3668.00583830505 3655.42867228258 3642.93473341054 3630.52320917447 3618.19329757779 3605.94420697152 3593.77515588732 3581.68537287378 3569.67409633588 3557.74057437755 3545.88406464724 3534.10383418648 3522.39915928127 3510.76932531639 3499.21362663242 3487.73136638542 3476.32185640936 3464.98441708102 3453.71837718754 3442.52307379632 3431.39785212745 3420.34206542839 3409.35507485108 3398.43624933125 3387.58496546996 3376.80060741727 3366.08256675814 3355.43024240028 3344.8430404641 3334.32037417466 3323.86166375551 3313.4663363245 3303.13382579141 3292.86357275743 3282.65502441642 3272.50763445793 3262.42086297193 3252.39417635519 3242.42704721939 3232.51895430073 3222.66938237121 3212.87782215141 3203.14377022477 3193.46672895343 3183.8462063954 3174.2817162233 3164.77277764437 3155.31891532191 3145.91965929806 3136.57454491787 3127.28311275468 3118.04490853676 3108.85948307512 3099.72639219269 3090.64519665449 3081.61546209914 3072.63675897138 3063.70866245581 3054.83075241166 3046.00261330869 3037.22383416408 3028.49400848042 3019.81273418471 3011.17961356829 3002.59425322785 2994.05626400729 2985.56526094064 2977.12086319578 2968.72269401915 2960.37038068133 2952.06355442347 2943.8018504046 2935.58490764978 2927.41236899903 2919.28388105714 2911.1990941442 2903.157662247 2895.15924297106 2887.20349749358 2879.29009051696 2871.41869022317 2863.58896822876 2855.80059954059 2848.05326251224 2840.34663880111 2832.68041332615 2825.05427422625 2817.4679128193 2809.92102356179 2802.41330400915 2794.94445477656 2787.51417950045 2780.12218480053 2772.76818024244 2765.45187830088 2758.17299432339 2750.93124649459 2743.72635580102 2736.55804599644 2729.4260435677 2722.33007770108 2715.26988024911 2708.24518569797 2701.25573113525 2694.30125621825
